BERKELEY COLLEGE
97032.22132586723,101316.88270316113,101316.88270316113,101314.57137567118
96493.8889562252,127666.7169284246,127666.7169284246,127679.18088737201
98073.31676994983,119075.34942264107,119075.34942264107,119085.14647935584
100246.70512331971,123158.13434210954,123158.13434210954,123170.16317016318
99759.24459082003,112434.91603015033,112434.91603015034,112459.43021997836
103421.14141688112,100321.15464540749,100321.15464540747,100306.91460552446
97978.8161682205,97592.34973113243,97592.34973113243,97600.27425437092
100166.73381473332,101469.11359765707,101469.11359765705,101454.73215813795
106226.24927277904,104217.89905114817,104217.89905114817,104206.0776816261
98633.32286327214,105747.0050493383,105747.0050493383,105762.13454442237
102804.65634529674,97152.15988716671,97152.15988716672,97161.29032258065
101568.14468809683,89563.7464516738,89563.7464516738,89569.0193628982
101155.0325060504,91762.48756947105,91762.48756947106,91760.78503980745
97081.57121470712,81914.49681366907,81914.49681366906,81911.26279863481
100030.4613949415,86763.96196879592,86763.96196879595,86756.89566558164
97959.34457248729,91660.25342250452,91660.25342250451,91655.01165501167
100643.0566556885,93705.82464848367,93705.82464848367,93689.14532996755
101124.94459623056,100838.78036800543,100838.78036800542,100848.5286152735
100947.30295254734,105666.74771891082,105666.7477189108,105673.63729859445
103528.68255493228,106735.95747051427,106735.95747051426,106743.11141536884
104571.28003267852,108358.59861883106,108358.59861883106,108371.90581605957
101366.67713672786,94252.9949506617,94252.99495066168,94237.86545557763
97195.34365470326,102847.84011283329,102847.84011283329,102838.70967741936
98431.85531190317,110436.2535483262,110436.2535483262,110430.98063710182
101812.74616808238,106920.62972736784,106920.62972736784,106924.64358452139
106424.53982906767,90418.78625790631,90418.78625790631,90409.55631399316
101896.22183510866,94160.688608563,94160.68860856301,94157.95785506254
101793.950304193,85181.61223538594,85181.61223538592,85174.8251748252
99597.69875349148,93859.25932136599,93859.259321366,93851.42445005408
95453.91398688834,98840.06498658707,98840.06498658707,98844.55677920203
101073.88087923215,96740.90254995675,96740.90254995674,96726.08844703462
96304.5836303344,91794.92893182868,91794.92893182868,91802.15642649327
89202.47069454244,87423.50233002077,87423.50233002077,87422.01650231436
newline
BRANFORD COLLEGE
115989.25440338113,97032.22132586723,97032.22132586723,97039.89703989704
125349.86438804881,96493.8889562252,96493.88895622522,96476.16227420789
114572.54237656231,98073.31676994983,98073.31676994983,98063.68330464717
123469.50274686576,100246.70512331971,100246.70512331968,100237.60023760021
104623.63440913978,99759.24459082003,99759.24459082003,99780.15075376884
98403.97718588356,103421.14141688112,103421.1414168811,103423.53117057856
94766.58587963488,97978.8161682205,97978.81616822052,97979.9406695861
91962.97456766541,100166.73381473332,100166.73381473332,100168.06722689074
106061.75173282923,106226.24927277904,106226.24927277902,106247.66878030584
103324.53436213612,98633.32286327214,98633.32286327213,98640.8939897312
107020.210626768,102804.65634529674,102804.65634529674,102783.30019880716
103833.18384403051,101568.14468809683,101568.14468809683,101560.0624024961
93565.41796296359,101155.0325060504,101155.0325060504,101158.30115830114
88964.3291813083,97081.57121470712,97081.57121470715,97098.01599052415
92690.92528042915,100030.4613949415,100030.4613949415,100043.0292598967
87496.12621495986,97959.34457248729,97959.34457248727,97965.54796554796
99053.7736556586,100643.0566556885,100643.0566556885,100628.14070351758
101228.79276641272,101124.94459623056,101124.94459623053,101136.19375093437
104804.18582527351,100947.30295254734,100947.30295254735,100946.46136459951
107025.31908387724,103528.68255493228,103528.68255493227,103529.41176470587
103813.48456206679,104571.28003267852,104571.2800326785,104569.19060052218
96675.46563786388,101366.67713672786,101366.67713672786,101359.10601026882
92979.789373232,97195.34365470326,97195.34365470326,97216.69980119284
96166.81615596949,98431.85531190317,98431.85531190317,98439.93759750389
90445.32763365527,101812.74616808238,101812.74616808238,101801.8018018018
85685.80643064289,106424.53982906767,106424.53982906768,106425.82173526801
92736.53234300854,101896.22183510866,101896.22183510865,101893.28743545609
89034.3710381744,101793.950304193,101793.95030419299,101796.85179685178
96322.59193520162,99597.69875349148,99597.69875349148,99591.70854271356
100367.2300477037,95453.91398688834,95453.9139868883,95440.27507848707
100429.22829509163,101073.88087923215,101073.88087923217,101073.59796581438
101011.70634845733,96304.5836303344,96304.58363033438,96302.52100840336
90124.76370510396,89202.47069454244,89202.47069454243,89183.14061917194
newline
CALHOUN COLLEGE,JOHN
103764.91765016735,115989.25440338113,115989.25440338113,115991.49953513085
103438.77799274767,125349.86438804881,125349.86438804881,125350.74315877203
102110.55333325779,114572.54237656231,114572.54237656233,114578.11194653298
100219.66398406107,123469.50274686576,123469.50274686578,123462.47629368736
100234.65525456949,104623.63440913978,104623.63440913978,104632.15258855585
101329.16071022801,98403.97718588356,98403.97718588357,98406.31285780598
96419.25600844598,94766.58587963488,94766.58587963486,94757.47894278244
100177.38179060824,91962.97456766541,91962.97456766543,91955.85886452737
106127.29190329385,106061.75173282923,106061.75173282926,106076.27666451197
107154.41468459765,103324.53436213612,103324.53436213611,103337.2781065089
101064.69724856138,107020.210626768,107020.210626768,107026.74357629786
98690.83489525256,103833.18384403051,103833.18384403051,103824.55201925647
95284.97666020786,93565.41796296359,93565.41796296359,93558.24146633019
97039.40127668942,88964.3291813083,88964.32918130829,88970.69037366302
96957.68694686504,92690.92528042915,92690.92528042913,92690.05847953215
97493.8717945848,87496.12621495986,87496.12621495988,87496.61338390679
97402.60907873088,99053.7736556586,99053.77365565862,99054.33563071006
97158.74280553294,101228.79276641272,101228.79276641273,101237.81525607305
107210.39393876663,104804.18582527351,104804.18582527351,104821.37670636075
96834.20895845746,107025.31908387724,107025.31908387724,107027.73341077392
91907.35031640435,103813.48456206679,103813.4845620668,103797.67291532001
92845.58531540235,96675.46563786388,96675.46563786388,96662.72189349112
98935.30275143862,92979.789373232,92979.78937323201,92973.25642370216
101309.16510474744,96166.81615596949,96166.8161559695,96175.4479807435
100950.1056896248,90445.32763365527,90445.32763365527,90450.258998539
99521.82073056293,85685.80643064289,85685.80643064287,85678.56646756495
100931.75971987715,92736.53234300854,92736.53234300854,92731.82957393484
102286.46422135414,89034.3710381744,89034.3710381744,89040.91032240585
102362.73566669963,96322.59193520162,96322.59193520164,96313.5117807341
101512.09648423904,100367.2300477037,100367.2300477037,100355.87188612099
96370.35005278738,100429.22829509163,100429.22829509161,100421.14435085683
102988.4092509343,101011.70634845733,101011.70634845734,101016.4077246987
101965.3577803018,90124.76370510396,90124.76370510398,90126.05042016809
newline
DAVENPORT COLLEGE
121233.96497800673,103764.91765016735,103764.91765016735,103772.86585365854
119998.1020193364,103438.77799274767,103438.77799274767,103422.00240609546
119029.14811825857,102110.55333325779,102110.55333325779,102105.12552301255
118400.41373509588,100219.66398406107,100219.66398406106,100206.6649444588
105029.1362963248,100234.65525456949,100234.6552545695,100221.33075114121
106590.78289838978,101329.16071022801,101329.16071022802,101327.66861391396
115867.89315742519,96419.25600844598,96419.25600844597,96417.05481906125
108895.86587090588,100177.38179060824,100177.38179060825,100175.02187773472
162941.47537230508,106127.29190329385,106127.29190329385,106132.95880149816
126257.95794123653,107154.41468459765,107154.41468459764,107140.90287277702
113472.93559857763,101064.69724856138,101064.69724856137,101075.2688172043
104550.70880179429,98690.83489525256,98690.83489525256,98685.93955321945
88313.458547273,95284.97666020786,95284.97666020786,95274.39024390244
89727.898590318,97039.40127668942,97039.40127668942,97045.84948536291
90889.36905040828,96957.68694686504,96957.68694686504,96966.5271966527
87488.77573057207,97493.8717945848,97493.87179458479,97494.18754843708
102400.68795177744,97402.60907873088,97402.6090787309,97399.36367409046
101870.85606035862,97158.74280553294,97158.74280553295,97145.51248008497
111673.74084187191,107210.39393876663,107210.39393876663,107201.71981368684
104352.84572139606,96834.20895845746,96834.20895845746,96837.10463807975
137058.52462769492,91907.35031640435,91907.35031640435,91900.74906367043
73742.04205876347,92845.58531540235,92845.58531540234,92859.09712722297
86527.06440142237,98935.30275143862,98935.3027514386,98924.73118279569
95449.29119820571,101309.16510474744,101309.16510474743,101314.06044678055
90452.57647472028,100950.1056896248,100950.1056896248,100952.74390243902
90273.9993903456,99521.82073056293,99521.82073056295,99532.14810854163
90081.48283133314,100931.75971987715,100931.75971987717,100928.34728033472
94110.81053433206,102286.46422135414,102286.46422135412,102299.1475071041
92570.17575189778,102362.73566669963,102362.73566669965,102379.30557476827
91538.36104125158,101512.09648423904,101512.09648423905,101526.81890600106
72458.36600070291,96370.35005278738,96370.35005278738,96381.22536725189
86751.28840769806,102988.4092509343,102988.4092509343,102987.87348418552
0.0,101965.3577803018,101965.35778030181,101966.29213483148
newline
EZRA STILES COLLEGE
99837.57601189421,121233.96497800673,121233.96497800674,121237.47790218033
100292.75081209508,119998.1020193364,119998.10201933637,120000.0
103866.16516668689,119029.14811825857,119029.14811825856,119031.3111545988
102085.30185634749,118400.41373509588,118400.41373509588,118392.59971167707
101982.4826841637,105029.1362963248,105029.1362963248,105017.42160278748
103068.83586664053,106590.78289838978,106590.78289838979,106586.57829328916
101883.43142872024,115867.89315742519,115867.89315742516,115859.40848692671
102444.35764554895,108895.86587090588,108895.8658709059,108880.15184381777
112053.55293571824,162941.47537230508,162941.47537230508,162960.33994334278
110204.10683196069,126257.95794123653,126257.95794123654,126235.94036097307
99911.33232495585,113472.93559857763,113472.93559857765,113472.07009857614
99000.36028554155,104550.70880179429,104550.70880179429,104546.55968879163
97405.55714321889,88313.458547273,88313.458547273,88320.56570418384
95350.95847048517,89727.898590318,89727.898590318,89726.44376899696
96271.58079550076,90889.36905040828,90889.36905040826,90887.96477495108
97875.81224288061,87488.77573057207,87488.77573057206,87506.00672753484
95822.91088521748,102400.68795177744,102400.68795177744,102404.18118466901
96430.44245264526,101870.85606035862,101870.85606035862,101864.12593206296
99823.94916401897,111673.74084187191,111673.7408418719,111658.80840120018
101410.67579915046,104352.84572139606,104352.84572139606,104365.5097613883
100476.375897865,137058.52462769492,137058.52462769492,137039.66005665722
89795.89316803931,73742.04205876347,73742.04205876349,73764.05963902693
100088.66767504415,86527.06440142237,86527.06440142238,86527.92990142388
100999.63971445845,95449.29119820571,95449.29119820571,95453.44031120835
102756.8668448869,90452.57647472028,90452.57647472028,90441.95639363582
104356.29071741976,90273.9993903456,90273.9993903456,90273.55623100305
99862.25403781234,90081.48283133314,90081.48283133312,90080.7240704501
100038.88590077191,94110.81053433206,94110.81053433206,94101.3935607881
102194.6064306188,92570.17575189778,92570.17575189778,92578.39721254355
100500.7216807142,91538.36104125158,91538.3610412516,91549.29577464791
98292.61940726079,72458.36600070291,72458.36600070291,72481.78311187313
96144.96655530058,86751.28840769806,86751.28840769807,86754.33839479391
87470.07116641673,0.0,0.0,0.0
newline
JONATHAN EDWARDS COL
121233.96497800673,99837.57601189421,99837.57601189421,99856.58409387222
119998.1020193364,100292.75081209508,100292.75081209508,100298.85654885657
119029.14811825857,103866.16516668689,103866.16516668689,103871.38263665595
118400.41373509588,102085.30185634749,102085.3018563475,102082.51473477407
105029.1362963248,101982.4826841637,101982.48268416371,101986.84571115374
106590.78289838978,103068.83586664053,103068.83586664054,103069.61212432571
115867.89315742519,101883.43142872024,101883.43142872024,101889.62582905768
108895.86587090588,102444.35764554895,102444.35764554895,102450.98039215687
135103.33907439304,112053.55293571824,112053.55293571824,112063.30247835175
126257.95794123653,110204.10683196069,110204.1068319607,110191.36626613262
113472.93559857763,99911.33232495585,99911.33232495585,99892.58861439313
104550.70880179429,99000.36028554155,99000.36028554157,98987.67605633802
88313.458547273,97405.55714321889,97405.5571432189,97392.43807040417
89727.898590318,95350.95847048517,95350.95847048517,95348.23284823286
90889.36905040828,96271.58079550076,96271.58079550078,96270.0964630225
87488.77573057207,97875.81224288061,97875.81224288061,97878.19253438115
102400.68795177744,95822.91088521748,95822.91088521748,95820.77281446972
101870.85606035862,96430.44245264526,96430.44245264528,96442.33239147186
111673.74084187191,99823.94916401897,99823.94916401895,99824.80290326617
104352.84572139606,101410.67579915046,101410.67579915046,101395.17345399698
113642.42457914329,100476.375897865,100476.375897865,100462.82472379816
73742.04205876347,89795.89316803931,89795.89316803933,89808.63373386738
86527.06440142237,100088.66767504415,100088.66767504415,100107.41138560689
95449.29119820571,100999.63971445845,100999.63971445845,101012.32394366198
90452.57647472028,102756.8668448869,102756.8668448869,102750.97783572359
90273.9993903456,104356.29071741976,104356.29071741976,104352.9106029106
90081.48283133314,99862.25403781234,99862.25403781234,99858.52090032156
94110.81053433206,100038.88590077191,100038.8859007719,100039.2927308448
92570.17575189778,102194.6064306188,102194.6064306188,102192.38147437654
91538.36104125158,100500.7216807142,100500.7216807142,100488.05548420241
72458.36600070291,98292.61940726079,98292.6194072608,98285.57126767615
86751.28840769806,96144.96655530058,96144.96655530058,96153.84615384617
51254.236346463695,87470.07116641673,87470.07116641673,87473.87279785011
newline
MORSE COLLEGE
101127.13273362876,121233.96497800673,121233.96497800674,121237.47790218033
102206.97274493879,119998.1020193364,119998.10201933637,120000.0
100185.76588486275,119029.14811825857,119029.14811825856,119031.3111545988
102451.56623474651,118400.41373509588,118400.41373509588,118406.82446233329
99866.23332192953,105029.1362963248,105029.1362963248,105041.82156133829
101641.11423018786,106590.78289838978,106590.78289838979,106586.57829328916
100243.34360921552,115867.89315742519,115867.89315742516,115875.96456130322
100916.99792643375,108895.86587090588,108895.8658709059,108894.91525423729
95054.10469162237,135103.33907439304,135103.339074393,135114.5038167939
102195.22978475859,126257.95794123653,126257.95794123654,126235.94036097307
79191.09063169794,113472.93559857763,113472.93559857765,113472.07009857614
99042.72785633532,104550.70880179429,104550.70880179429,104546.55968879163
98608.62638995127,88313.458547273,88313.458547273,88320.56570418384
98412.1764920576,89727.898590318,89727.898590318,89726.44376899696
94709.58808842833,90889.36905040828,90889.36905040826,90887.96477495108
92457.85633413008,87488.77573057207,87488.77573057206,87480.47578997957
95779.33629832364,102400.68795177744,102400.68795177744,102393.12267657992
99659.98124256713,101870.85606035862,101870.85606035862,101864.12593206296
101045.72819106338,111673.74084187191,111673.7408418719,111674.7642183481
102917.3794876446,104352.84572139606,104352.84572139606,104338.98305084747
113166.74951248422,113642.42457914329,113642.42457914329,113623.01820317088
97804.77021524141,73742.04205876347,73742.04205876349,73764.05963902693
120808.90936830206,86527.06440142237,86527.06440142238,86527.92990142388
100957.27214366468,95449.29119820571,95449.29119820571,95453.44031120835
100264.24087641998,90452.57647472028,90452.57647472028,90441.95639363582
99380.8507630036,90273.9993903456,90273.9993903456,90273.55623100305
105104.64602670894,90081.48283133314,90081.48283133312,90080.7240704501
105090.57743112341,94110.81053433206,94110.81053433206,94112.69974768713
104354.43037974685,92570.17575189778,92570.17575189778,92565.05576208177
98698.904527245,91538.36104125158,91538.3610412516,91549.29577464791
98710.9281997211,72458.36600070291,72458.36600070291,72449.27122034866
96165.62258592164,86751.28840769806,86751.28840769807,86766.10169491525
91779.14579589339,51254.236346463695,51254.23634646369,51262.47798003523
newline
PIERSON COLLEGE
97158.36728057735,101127.13273362876,101127.13273362876,101101.74983797796
92674.69704665845,102206.97274493879,102206.97274493882,102208.36142953472
94527.9806139884,100185.76588486275,100185.76588486272,100192.6782273603
97102.32065617316,102451.56623474651,102451.56623474651,102434.30598097695
95589.09435660727,99866.23332192953,99866.23332192953,99877.21452376776
96546.49535225927,101641.11423018786,101641.11423018783,101652.07335205685
95195.32101982483,100243.34360921552,100243.34360921552,100237.7555872563
97959.03737533341,100916.99792643375,100916.99792643373,100913.90091390091
98745.43050478339,95054.10469162237,95054.10469162239,95021.56017248139
87431.45040675203,102195.22978475859,102195.22978475859,102194.65648854962
96587.11528429839,79191.09063169794,79191.09063169794,79202.2792022792
96846.20570829275,99042.72785633532,99042.72785633532,99038.74162540052
99156.36205977725,98608.62638995127,98608.62638995126,98622.81270252755
96945.06929830926,98412.1764920576,98412.17649205762,98415.37424140258
100401.13045856505,94709.58808842833,94709.58808842833,94701.34874759153
97871.38575300177,92457.85633413008,92457.85633413008,92471.38481379977
101289.94570161746,95779.33629832364,95779.33629832363,95772.67146114718
101620.42852528443,99659.98124256713,99659.9812425671,99669.58532958866
103291.70158300138,101045.72819106338,101045.7281910634,101046.12458392773
105653.64269862273,102917.3794876446,102917.37948764459,102934.10293410294
113137.59041767131,113166.74951248422,113166.74951248421,113190.90552724423
112568.54959324797,97804.77021524141,97804.77021524143,97805.34351145041
103412.88471570161,120808.90936830206,120808.90936830206,120797.7207977208
103153.79429170725,100957.27214366468,100957.27214366467,100961.25837459946
103685.27065964538,100264.24087641998,100264.24087641998,100275.4374594945
110380.2336550323,99380.8507630036,99380.85076300363,99376.26432906273
105070.88892744656,105104.64602670894,105104.64602670893,105105.97302504818
105026.29359082507,105090.57743112341,105090.57743112341,105094.30920522327
103120.95994177528,104354.43037974685,104354.43037974683,104350.11401508508
101833.0761224563,98698.904527245,98698.904527245,98678.34131835456
101512.97739717379,98710.9281997211,98710.9281997211,98716.11982881598
96387.31992604386,96165.62258592164,96165.62258592164,96151.99615199614
88116.97907754531,91779.14579589339,91779.14579589339,91787.53430027442
newline
SAYBROOK COLLEGE
101273.511359563,97158.36728057735,97158.36728057737,97149.92002326595
101933.68674004806,92674.69704665845,92674.69704665845,92654.78971962616
98377.62467555824,94527.9806139884,94527.98061398842,94517.04545454546
97879.9278675681,97102.32065617316,97102.32065617316,97095.79540528824
94144.84465985565,95589.09435660727,95589.09435660727,95591.18236472945
96391.60203783626,96546.49535225927,96546.49535225927,96547.73941932687
94344.64213023687,95195.32101982483,95195.32101982483,95189.90851122816
96091.1051444792,97959.03737533341,97959.0373753334,97951.23358822681
101276.65622056765,98745.43050478339,98745.43050478338,98722.76483846734
103182.03952781556,87431.45040675203,87431.45040675203,87422.09631728046
98290.99575655408,96587.11528429839,96587.11528429839,96566.92913385828
96392.0059126533,96846.20570829275,96846.20570829276,96847.54521963824
92433.04224292818,99156.36205977725,99156.36205977725,99156.60898647665
97362.49988749786,96945.06929830926,96945.06929830927,96948.0140186916
98574.12148165253,100401.13045856505,100401.13045856505,100397.72727272728
98553.97437542635,97871.38575300177,97871.38575300177,97876.02947550932
105206.59716168625,101289.94570161746,101289.94570161747,101279.48204100509
102932.14784047766,101620.42852528443,101620.42852528443,101617.79575328615
102468.10277833743,103291.70158300138,103291.7015830014,103299.14056002219
102063.19851066313,105653.64269862273,105653.64269862272,105655.74953109221
98904.966192698,113137.59041767131,113137.59041767131,113148.00901577761
96817.96047218444,112568.54959324797,112568.54959324797,112577.90368271955
101709.00424344592,103412.88471570161,103412.88471570163,103433.07086614173
103607.9940873467,103153.79429170725,103153.79429170724,103152.45478036175
106293.44639750884,103685.27065964538,103685.2706596454,103693.4709902574
100703.81337245407,110380.2336550323,110380.2336550323,110397.19626168224
103048.25384278924,105070.88892744656,105070.88892744655,105085.22727272728
103566.09775700555,105026.29359082507,105026.29359082507,105028.17511920242
100648.5581784581,103120.95994177528,103120.95994177528,103129.33559426546
100676.25012168608,101833.0761224563,101833.0761224563,101834.46482738697
103187.25509142567,101512.97739717379,101512.97739717379,101510.95092874966
101845.69634485767,96387.31992604386,96387.31992604386,96393.01688068101
99818.37758673434,88116.97907754531,88116.9790775453,88129.22614575508
newline
SILLIMAN COLLEGE
98461.48322352477,101273.511359563,101273.51135956301,101264.45643793371
101234.07688548994,101933.68674004806,101933.68674004806,101940.36914339803
99463.80194066926,98377.62467555824,98377.62467555824,98380.56680161944
104993.58364194795,97879.9278675681,97879.92786756808,97884.76716653512
109081.12987867641,94144.84465985565,94144.84465985563,94147.37528529509
109323.45757461427,96391.60203783626,96391.60203783626,96389.56310679611
107736.29330642449,94344.64213023687,94344.64213023688,94333.91003460207
105333.59982556872,96091.1051444792,96091.10514447918,96079.2761740629
103044.62166727245,101276.65622056765,101276.65622056766,101283.56696503969
87999.03315473553,103182.03952781556,103182.03952781556,103178.71438662586
96222.10828692031,98290.99575655408,98290.9957565541,98282.38719068414
97539.85317410131,96392.0059126533,96392.0059126533,96395.68534596161
99479.3817209127,92433.04224292818,92433.04224292819,92428.68157286047
97794.34324609948,97362.49988749786,97362.49988749786,97349.73970657833
98595.90403217939,98574.12148165253,98574.12148165252,98567.42447835568
96804.92344687525,98553.97437542635,98553.97437542633,98547.75059194949
96496.54928032668,105206.59716168625,105206.59716168625,105200.52168242585
95134.53404555292,102932.14784047766,102932.14784047767,102942.96116504853
97550.17378629891,102468.10277833743,102468.10277833746,102465.39792387543
99678.75572352641,102063.19851066313,102063.19851066313,102068.0741059888
114460.67007333603,98904.966192698,98904.96619269802,98902.2124641108
112000.96684526447,96817.96047218444,96817.96047218445,96821.28561337416
103777.89171307969,101709.00424344592,101709.00424344592,101717.61280931588
102460.14682589869,103607.9940873467,103607.99408734668,103604.3146540384
102059.13505556254,106293.44639750884,106293.44639750884,106306.86198920588
100971.57986841058,100703.81337245407,100703.81337245408,100709.89115002367
101940.29402715137,103048.25384278924,103048.25384278921,103052.00872002494
98201.49291117679,103566.09775700555,103566.09775700554,103567.4822415154
94422.32084099692,100648.5581784581,100648.5581784581,100652.1030322791
95542.0083798328,100676.25012168608,100676.25012168608,100667.47572815532
94713.5329072766,103187.25509142567,103187.2550914257,103200.69204152249
94987.64445090486,101845.69634485767,101845.69634485767,101852.64971994831
82494.7082593915,99818.37758673434,99818.37758673435,99814.22057084953
newline
TIMOTHY DWIGHT COLL.
98717.4890757615,98461.48322352477,98461.48322352477,98455.03333875426
95948.21065745175,101234.07688548994,101234.07688548992,101235.20329387544
100263.41312877486,99463.80194066926,99463.80194066926,99473.14751869475
100517.91385957104,104993.58364194795,104993.58364194795,104992.14522604294
98854.1531892871,109081.12987867641,109081.1298786764,109096.1207720237
99167.1459540769,109323.45757461427,109323.45757461427,109336.21154883972
98795.64664935638,107736.29330642449,107736.29330642449,107719.65464702893
98744.13281110539,105333.59982556872,105333.59982556872,105350.67500823179
98101.61029991366,103044.62166727245,103044.62166727247,103021.49912841372
90461.84738955823,87999.03315473553,87999.03315473552,88008.34202294057
94596.53245104052,96222.10828692031,96222.1082869203,96213.80846325168
99706.21234426985,97539.85317410131,97539.85317410133,97545.00818330607
100895.23735148893,99479.3817209127,99479.38172091269,99479.5901772646
96843.62347427588,97794.34324609948,97794.34324609947,97786.92743180649
98865.89075519111,98595.90403217939,98595.90403217939,98606.39021074098
98324.79573899858,96804.92344687525,96804.92344687524,96823.18031069996
99117.36641221374,96496.54928032668,96496.54928032668,96483.85247467992
100906.95925319647,95134.53404555292,95134.53404555292,95143.01133297358
101674.28595105243,97550.17378629891,97550.17378629891,97562.21432199085
106260.43493326893,99678.75572352641,99678.75572352641,99670.7276918011
111492.15494913854,114460.67007333603,114460.67007333608,114468.33236490413
109538.15261044177,112000.96684526447,112000.96684526447,111991.65797705944
105403.46754895948,103777.89171307969,103777.89171307969,103786.19153674833
100293.78765573015,102460.14682589869,102460.1468258987,102454.99181669393
100387.27357274957,102059.13505556254,102059.13505556252,102065.37648398115
107208.16586827235,100971.57986841058,100971.57986841057,100977.86927431807
100870.69611603403,101940.29402715137,101940.29402715135,101920.46227056421
101157.2904014304,98201.49291117679,98201.4929111768,98184.67446325712
102028.48039849916,94422.32084099692,94422.32084099691,94420.02675329639
99925.89479272663,95542.0083798328,95542.0083798328,95520.77711818673
99530.06739959118,94713.5329072766,94713.5329072766,94718.13103098018
94995.43225562568,94987.64445090486,94987.64445090486,94978.59729996708
90406.23475094778,82494.7082593915,82494.70825939151,82510.16850668215
newline
TRUMBULL COLLEGE
117948.14053562727,98717.4890757615,98717.48907576149,98727.05346375452
118109.45636505673,95948.21065745175,95948.21065745175,95954.64725643898
80686.85351213897,100263.41312877486,100263.41312877486,100277.3925104022
69697.35427117217,100517.91385957104,100517.91385957102,100512.6014523708
127273.29541903631,98854.1531892871,98854.1531892871,98855.31135531135
150940.88209838988,99167.1459540769,99167.14595407688,99164.92693110647
63628.83093617329,98795.64664935638,98795.6466493564,98787.6417676965
130491.71636364296,98744.13281110539,98744.13281110539,98744.71458773786
112649.61194742157,98101.61029991366,98101.61029991368,98104.51727192206
135094.3775702308,90461.84738955823,90461.84738955823,90472.37790232187
123493.91537193494,94596.53245104052,94596.53245104055,94585.77951728636
113532.89479087108,99706.21234426985,99706.21234426984,99706.17042115572
96884.99285530038,100895.23735148893,100895.23735148893,100897.76229398366
83734.52234482997,96843.62347427588,96843.62347427588,96836.50615901456
80710.62841548883,98865.89075519111,98865.89075519111,98862.6907073509
86350.2167480446,98324.79573899858,98324.79573899857,98334.04527979497
89744.39097556403,99117.36641221374,99117.36641221374,99130.03663003663
75404.2451092126,100906.95925319647,100906.95925319649,100918.58037578288
117803.17552299665,101674.28595105243,101674.28595105243,101681.65819319514
79073.79785367164,106260.43493326893,106260.43493326893,106276.42706131078
95642.08369829967,111492.15494913854,111492.15494913855,111496.89991142605
64905.62242976918,109538.15261044177,109538.15261044177,109527.62209767813
76506.08462806506,105403.46754895948,105403.46754895948,105414.22048271363
86467.10520912892,100293.78765573015,100293.78765573015,100293.82957884426
85166.86660907234,100387.27357274957,100387.27357274957,100375.18424226184
98156.02129011329,107208.16586827235,107208.16586827234,107208.8465845465
138602.5180723722,100870.69611603403,100870.69611603403,100859.91678224689
143952.42898078324,101157.2904014304,101157.29040143038,101153.35326783426
82982.31360539966,102028.48039849916,102028.48039849916,102014.65201465202
73654.87279239754,99925.89479272663,99925.89479272663,99916.49269311065
118567.99354083004,99530.06739959118,99530.06739959118,99530.70003910833
90434.48578268538,94995.43225562568,94995.43225562568,94978.85835095138
91708.30435427876,90406.23475094778,90406.2347509478,90398.5828166519
newline
