BERKELEY COLLEGE
04/2014,102238.0,78450.0,267.6714,0.001824
03/2014,98188.0,107246.0,365.923352,0.002494
02/2014,103027.0,99649.0,340.002388,0.002317
01/2014,101721.0,113622.0,387.678264,0.002642
12/2013,95717.0,89400.0,305.0328,0.002079
11/2013,104223.0,79656.0,271.786272,0.001852
10/2013,104498.0,81609.0,278.449908,0.001898
09/2013,107736.0,85000.0,290.02,0.001976
08/2013,85817.0,74249.0,253.337588,0.001726
07/2013,73794.0,80106.0,273.321672,0.001863
06/2013,70121.0,64749.0,220.923588,0.001506
05/2013,88281.0,61683.0,210.462396,0.001434
04/2013,106582.0,71052.0,242.429424,0.001652
03/2013,98786.0,68812.0,234.786544,0.0016
02/2013,105083.0,72609.0,247.741908,0.001688
01/2013,99400.0,84563.0,288.528956,0.001966
12/2012,96565.0,74508.0,254.221296,0.001732
11/2012,101909.0,80067.0,273.188604,0.001862
10/2012,107664.0,88361.0,301.487732,0.002055
09/2012,111352.0,89412.0,305.073744,0.002079
08/2012,84480.0,77199.0,263.402988,0.001795
07/2012,75839.0,71399.0,243.613388,0.00166
06/2012,66295.0,68545.0,233.87554,0.001594
05/2012,85555.0,76058.0,259.509896,0.001768
04/2012,107275.0,82789.0,282.476068,0.001925
03/2012,108293.0,75956.0,259.161872,0.001766
02/2012,107043.0,78799.0,268.862188,0.001832
01/2012,103291.0,78586.0,268.135432,0.001827
12/2011,95562.0,74630.0,254.63756,0.001735
11/2011,96194.0,78480.0,267.77376,0.001825
10/2011,107799.0,80897.0,276.020564,0.001881
09/2011,103582.0,76896.0,262.369152,0.001788
08/2011,72064.0,62284.0,212.513008,0.001448
newline
BRANFORD COLLEGE
04/2014,111971.0,102238.0,348.836056,0.002262
03/2014,115695.0,98188.0,335.017456,0.002172
02/2014,105511.0,103027.0,351.528124,0.002279
01/2014,116868.0,101721.0,347.072052,0.00225
12/2013,83701.0,95717.0,326.586404,0.002118
11/2013,81550.0,104223.0,355.608876,0.002306
10/2013,83677.0,104498.0,356.547176,0.002312
09/2013,81203.0,107736.0,367.595232,0.002384
08/2013,84160.0,85817.0,292.807604,0.001899
07/2013,83961.0,73794.0,251.785128,0.001633
06/2013,78502.0,70121.0,239.252852,0.001551
05/2013,74668.0,88281.0,301.214772,0.001953
04/2013,90324.0,106582.0,363.657784,0.002358
03/2013,82112.0,98786.0,337.057832,0.002186
02/2013,85360.0,105083.0,358.543196,0.002325
01/2013,82818.0,99400.0,339.1528,0.002199
12/2012,79245.0,96565.0,329.47978,0.002136
11/2012,83891.0,101909.0,347.713508,0.002255
10/2012,92540.0,107664.0,367.349568,0.002382
09/2012,94503.0,111352.0,379.933024,0.002464
08/2012,82376.0,84480.0,288.24576,0.001869
07/2012,78558.0,75839.0,258.762668,0.001678
06/2012,68203.0,66295.0,226.19854,0.001467
05/2012,69155.0,85555.0,291.91366,0.001893
04/2012,87312.0,107275.0,366.0223,0.002373
03/2012,79086.0,108293.0,369.495716,0.002396
02/2012,85402.0,107043.0,365.230716,0.002368
01/2012,84274.0,103291.0,352.428892,0.002285
12/2011,77060.0,95562.0,326.057544,0.002114
11/2011,83177.0,96194.0,328.213928,0.002128
10/2011,88677.0,107799.0,367.810188,0.002385
09/2011,89193.0,103582.0,353.421784,0.002292
08/2011,71514.0,72064.0,245.882368,0.001594
newline
CALHOUN COLLEGE,JOHN
04/2014,125669.0,111971.0,382.045052,0.002911
03/2014,119047.0,115695.0,394.75134,0.003008
02/2014,120146.0,105511.0,360.003532,0.002743
01/2014,119383.0,116868.0,398.753616,0.003038
12/2013,111488.0,83701.0,285.587812,0.002176
11/2013,117428.0,81550.0,278.2486,0.00212
10/2013,124206.0,83677.0,285.505924,0.002175
09/2013,123305.0,81203.0,277.064636,0.002111
08/2013,104650.0,84160.0,287.15392,0.002188
07/2013,90396.0,83961.0,286.474932,0.002183
06/2013,86760.0,78502.0,267.848824,0.002041
05/2013,103993.0,74668.0,254.767216,0.001941
04/2013,115399.0,90324.0,308.185488,0.002348
03/2013,111682.0,82112.0,280.166144,0.002135
02/2013,114083.0,85360.0,291.24832,0.002219
01/2013,116136.0,82818.0,282.575016,0.002153
12/2012,108338.0,79245.0,270.38394,0.00206
11/2012,112595.0,83891.0,286.236092,0.002181
10/2012,138107.0,92540.0,315.74648,0.002406
09/2012,119190.0,94503.0,322.444236,0.002457
08/2012,90628.0,82376.0,281.066912,0.002141
07/2012,78325.0,78558.0,268.039896,0.002042
06/2012,84932.0,68203.0,232.708636,0.001773
05/2012,106752.0,69155.0,235.95686,0.001798
04/2012,122260.0,87312.0,297.908544,0.00227
03/2012,114539.0,79086.0,269.841432,0.002056
02/2012,118759.0,85402.0,291.391624,0.00222
01/2012,121845.0,84274.0,287.542888,0.002191
12/2011,113855.0,77060.0,262.92872,0.002003
11/2011,117640.0,83177.0,283.799924,0.002162
10/2011,124143.0,88677.0,302.565924,0.002305
09/2011,126765.0,89193.0,304.326516,0.002319
08/2011,100546.0,71514.0,244.005768,0.001859
newline
DAVENPORT COLLEGE
04/2014,144974.0,125669.0,428.782628,0.002723
03/2014,139093.0,119047.0,406.188364,0.002579
02/2014,137168.0,120146.0,409.938152,0.002603
01/2014,138890.0,119383.0,407.334796,0.002586
12/2013,127428.0,111488.0,380.397056,0.002415
11/2013,108783.0,117428.0,400.664336,0.002544
10/2013,114289.0,124206.0,423.790872,0.002691
09/2013,113186.0,123305.0,420.71666,0.002671
08/2013,97269.0,104650.0,357.0658,0.002267
07/2013,102036.0,90396.0,308.431152,0.001958
06/2013,87596.0,86760.0,296.02512,0.00188
05/2013,90899.0,103993.0,354.824116,0.002253
04/2013,105607.0,115399.0,393.741388,0.0025
03/2013,104006.0,111682.0,381.058984,0.00242
02/2013,104740.0,114083.0,389.251196,0.002472
01/2013,102629.0,116136.0,396.256032,0.002516
12/2012,124239.0,108338.0,369.649256,0.002347
11/2012,103966.0,112595.0,384.17414,0.002439
10/2012,110152.0,138107.0,471.221084,0.002992
09/2012,108464.0,119190.0,406.67628,0.002582
08/2012,81818.0,90628.0,309.222736,0.001963
07/2012,59595.0,78325.0,267.2449,0.001697
06/2012,66795.0,84932.0,289.787984,0.00184
05/2012,82986.0,106752.0,364.237824,0.002313
04/2012,108165.0,122260.0,417.15112,0.002649
03/2012,104639.0,114539.0,390.807068,0.002482
02/2012,103809.0,118759.0,405.205708,0.002573
01/2012,110397.0,121845.0,415.73514,0.00264
12/2011,112312.0,113855.0,388.47326,0.002467
11/2011,93421.0,117640.0,401.38768,0.002549
10/2011,71471.0,124143.0,423.575916,0.00269
09/2011,90169.0,126765.0,432.52218,0.002746
08/2011,0.0,100546.0,343.062952,0.002178
newline
EZRA STILES COLLEGE
04/2014,91996.0,144974.0,494.651288,0.003429
03/2014,92727.0,139093.0,474.585316,0.00329
02/2014,97020.0,137168.0,468.017216,0.003244
01/2014,93634.0,138890.0,473.89268,0.003285
12/2013,89423.0,127428.0,434.784336,0.003014
11/2013,96402.0,108783.0,371.167596,0.002573
10/2013,97803.0,114289.0,389.954068,0.002703
09/2013,97917.0,113186.0,386.190632,0.002677
08/2013,90168.0,97269.0,331.881828,0.002301
07/2013,89251.0,102036.0,348.146832,0.002413
06/2013,67045.0,87596.0,298.877552,0.002072
05/2013,81061.0,90899.0,310.147388,0.00215
04/2013,89755.0,105607.0,360.331084,0.002498
03/2013,88158.0,104006.0,354.868472,0.00246
02/2013,89926.0,104740.0,357.37288,0.002477
01/2013,89773.0,102629.0,350.170148,0.002428
12/2012,84022.0,124239.0,423.903468,0.002939
11/2012,90193.0,103966.0,354.731992,0.002459
10/2012,95826.0,110152.0,375.838624,0.002605
09/2012,96929.0,108464.0,370.079168,0.002566
08/2012,80852.0,81818.0,279.163016,0.001935
07/2012,72723.0,59595.0,203.33814,0.00141
06/2012,67164.0,66795.0,227.90454,0.00158
05/2012,82698.0,82986.0,283.148232,0.001963
04/2012,94686.0,108165.0,369.05898,0.002558
03/2012,96484.0,104639.0,357.028268,0.002475
02/2012,93280.0,103809.0,354.196308,0.002455
01/2012,91757.0,110397.0,376.674564,0.002611
12/2011,89609.0,112312.0,383.208544,0.002657
11/2011,94000.0,93421.0,318.752452,0.00221
10/2011,94356.0,71471.0,243.859052,0.001691
09/2011,91896.0,90169.0,307.656628,0.002133
08/2011,70386.0,0.0,0.0,0.0
newline
JONATHAN EDWARDS COL
04/2014,144974.0,91996.0,313.890352,0.002553
03/2014,139093.0,92727.0,316.384524,0.002573
02/2014,137168.0,97020.0,331.03224,0.002692
01/2014,138890.0,93634.0,319.479208,0.002598
12/2013,127428.0,89423.0,305.111276,0.002481
11/2013,108783.0,96402.0,328.923624,0.002675
10/2013,114289.0,97803.0,333.703836,0.002714
09/2013,113186.0,97917.0,334.092804,0.002717
08/2013,97269.0,90168.0,307.653216,0.002502
07/2013,102036.0,89251.0,304.524412,0.002476
06/2013,87596.0,67045.0,228.75754,0.00186
05/2013,90899.0,81061.0,276.580132,0.002249
04/2013,105607.0,89755.0,306.24406,0.00249
03/2013,104006.0,88158.0,300.795096,0.002446
02/2013,104740.0,89926.0,306.827512,0.002495
01/2013,102629.0,89773.0,306.305476,0.002491
12/2012,124239.0,84022.0,286.683064,0.002331
11/2012,103966.0,90193.0,307.738516,0.002503
10/2012,110152.0,95826.0,326.958312,0.002659
09/2012,108464.0,96929.0,330.721748,0.002689
08/2012,81818.0,80852.0,275.867024,0.002243
07/2012,59595.0,72723.0,248.130876,0.002018
06/2012,66795.0,67164.0,229.163568,0.001864
05/2012,82986.0,82698.0,282.165576,0.002295
04/2012,108165.0,94686.0,323.068632,0.002627
03/2012,104639.0,96484.0,329.203408,0.002677
02/2012,103809.0,93280.0,318.27136,0.002588
01/2012,110397.0,91757.0,313.074884,0.002546
12/2011,112312.0,89609.0,305.745908,0.002486
11/2011,93421.0,94000.0,320.728,0.002608
10/2011,71471.0,94356.0,321.942672,0.002618
09/2011,90169.0,91896.0,313.549152,0.00255
08/2011,36901.0,70386.0,240.157032,0.001953
newline
MORSE COLLEGE
04/2014,106648.0,144974.0,494.651288,0.003429
03/2014,103613.0,139093.0,474.585316,0.00329
02/2014,106604.0,137168.0,468.017216,0.003244
01/2014,108585.0,138890.0,473.89268,0.003285
12/2013,97303.0,127428.0,434.784336,0.003014
11/2013,105123.0,108783.0,371.167596,0.002573
10/2013,108066.0,114289.0,389.954068,0.002703
09/2013,107557.0,113186.0,386.190632,0.002677
08/2013,82865.0,97269.0,331.881828,0.002301
07/2013,109796.0,102036.0,348.146832,0.002413
06/2013,64104.0,87596.0,298.877552,0.002072
05/2013,87168.0,90899.0,310.147388,0.00215
04/2013,103992.0,105607.0,360.331084,0.002498
03/2013,99766.0,104006.0,354.868472,0.00246
02/2013,100777.0,104740.0,357.37288,0.002477
01/2013,97993.0,102629.0,350.170148,0.002427
12/2012,93321.0,124239.0,423.903468,0.002938
11/2012,103074.0,103966.0,354.731992,0.002459
10/2012,108931.0,110152.0,375.838624,0.002605
09/2012,109689.0,108464.0,370.079168,0.002565
08/2012,98655.0,81818.0,279.163016,0.001935
07/2012,105079.0,59595.0,203.33814,0.00141
06/2012,97793.0,66795.0,227.90454,0.00158
05/2012,88853.0,82986.0,283.148232,0.001963
04/2012,105738.0,108165.0,369.05898,0.002558
03/2012,100748.0,104639.0,357.028268,0.002475
02/2012,111838.0,103809.0,354.196308,0.002455
01/2012,111382.0,110397.0,376.674564,0.002611
12/2011,101676.0,112312.0,383.208544,0.002656
11/2011,102080.0,93421.0,318.752452,0.00221
10/2011,106414.0,71471.0,243.859052,0.00169
09/2011,102493.0,90169.0,307.656628,0.002133
08/2011,80010.0,36901.0,125.906212,0.000873
newline
PIERSON COLLEGE
04/2014,107565.0,106648.0,363.882976,0.00208
03/2014,102172.0,103613.0,353.527556,0.002021
02/2014,107144.0,106604.0,363.732848,0.00208
01/2014,108205.0,108585.0,370.49202,0.002118
12/2013,99817.0,97303.0,331.997836,0.001898
11/2013,107603.0,105123.0,358.679676,0.002051
10/2013,110570.0,108066.0,368.721192,0.002108
09/2013,109320.0,107557.0,366.984484,0.002098
08/2013,84638.0,82865.0,282.73538,0.001616
07/2013,74534.0,109796.0,374.623952,0.002142
06/2013,74063.0,64104.0,218.722848,0.001251
05/2013,90496.0,87168.0,297.417216,0.0017
04/2013,109777.0,103992.0,354.820704,0.002029
03/2013,106880.0,99766.0,340.401592,0.001946
02/2013,113801.0,100777.0,343.851124,0.001966
01/2013,109062.0,97993.0,334.352116,0.001912
12/2012,105770.0,93321.0,318.411252,0.00182
11/2012,113258.0,103074.0,351.688488,0.002011
10/2012,119974.0,108931.0,371.672572,0.002125
09/2012,117907.0,109689.0,374.258868,0.00214
08/2012,96974.0,98655.0,336.61086,0.001925
07/2012,95963.0,105079.0,358.529548,0.00205
06/2012,79297.0,97793.0,333.669716,0.001908
05/2012,96390.0,88853.0,303.166436,0.001733
04/2012,114791.0,105738.0,360.778056,0.002063
03/2012,121692.0,100748.0,343.752176,0.001965
02/2012,119094.0,111838.0,381.591256,0.002182
01/2012,117035.0,111382.0,380.035384,0.002173
12/2011,107682.0,101676.0,346.918512,0.001983
11/2011,113495.0,102080.0,348.29696,0.001991
10/2011,117908.0,106414.0,363.084568,0.002076
09/2011,107566.0,102493.0,349.706116,0.001999
08/2011,75528.0,80010.0,272.99412,0.001561
newline
SAYBROOK COLLEGE
04/2014,153506.0,107565.0,367.01178,0.002227
03/2014,151010.0,102172.0,348.610864,0.002115
02/2014,147694.0,107144.0,365.575328,0.002218
01/2014,144922.0,108205.0,369.19546,0.00224
12/2013,134999.0,99817.0,340.575604,0.002067
11/2013,148525.0,107603.0,367.141436,0.002228
10/2013,152966.0,110570.0,377.26484,0.002289
09/2013,156395.0,109320.0,372.99984,0.002263
08/2013,140149.0,84638.0,288.784856,0.001752
07/2013,153620.0,74534.0,254.310008,0.001543
06/2013,118363.0,74063.0,252.702956,0.001533
05/2013,128465.0,90496.0,308.772352,0.001874
04/2013,140106.0,109777.0,374.559124,0.002273
03/2013,144238.0,106880.0,364.67456,0.002213
02/2013,147989.0,113801.0,388.289012,0.002356
01/2013,145920.0,109062.0,372.119544,0.002258
12/2012,150861.0,105770.0,360.88724,0.00219
11/2012,158603.0,113258.0,386.436296,0.002345
10/2012,166137.0,119974.0,409.351288,0.002484
09/2012,166115.0,117907.0,402.298684,0.002441
08/2012,136867.0,96974.0,330.875288,0.002008
07/2012,144145.0,95963.0,327.425756,0.001987
06/2012,122479.0,79297.0,270.561364,0.001642
05/2012,138082.0,96390.0,328.88268,0.001996
04/2012,161115.0,114791.0,391.666892,0.002377
03/2012,149188.0,121692.0,415.213104,0.00252
02/2012,154706.0,119094.0,406.348728,0.002466
01/2012,153341.0,117035.0,399.32342,0.002423
12/2011,144325.0,107682.0,367.410984,0.00223
11/2011,155127.0,113495.0,387.24494,0.00235
10/2011,167303.0,117908.0,402.302096,0.002441
09/2011,165761.0,107566.0,367.015192,0.002227
08/2011,138131.0,75528.0,257.701536,0.001564
newline
SILLIMAN COLLEGE
04/2014,91410.0,153506.0,523.762472,0.002189
03/2014,89087.0,151010.0,515.24612,0.002154
02/2014,88359.0,147694.0,503.931928,0.002106
01/2014,90817.0,144922.0,494.473864,0.002067
12/2013,86193.0,134999.0,460.616588,0.001925
11/2013,91757.0,148525.0,506.7673,0.002118
10/2013,96090.0,152966.0,521.919992,0.002181
09/2013,96619.0,156395.0,533.61974,0.00223
08/2013,80325.0,140149.0,478.188388,0.001999
07/2013,76454.0,153620.0,524.15144,0.002191
06/2013,68501.0,118363.0,403.854556,0.001688
05/2013,80981.0,128465.0,438.32258,0.001832
04/2013,92355.0,140106.0,478.041672,0.001998
03/2013,86060.0,144238.0,492.140056,0.002057
02/2013,87588.0,147989.0,504.938468,0.00211
01/2013,83734.0,145920.0,497.87904,0.002081
12/2012,76249.0,150861.0,514.737732,0.002151
11/2012,79848.0,158603.0,541.153436,0.002262
10/2012,87005.0,166137.0,566.859444,0.002369
09/2012,91432.0,166115.0,566.78438,0.002369
08/2012,89224.0,136867.0,466.990204,0.001952
07/2012,97307.0,144145.0,491.82274,0.002056
06/2012,73880.0,122479.0,417.898348,0.001747
05/2012,85066.0,138082.0,471.135784,0.001969
04/2012,94750.0,161115.0,549.72438,0.002298
03/2012,88856.0,149188.0,509.029456,0.002128
02/2012,90559.0,154706.0,527.856872,0.002206
01/2012,84942.0,153341.0,523.199492,0.002187
12/2011,74610.0,144325.0,492.4369,0.002058
11/2011,80190.0,155127.0,529.293324,0.002212
10/2011,84475.0,167303.0,570.837836,0.002386
09/2011,87129.0,165761.0,565.576532,0.002364
08/2011,64306.0,138131.0,471.302972,0.00197
newline
TIMOTHY DWIGHT COLL.
04/2014,92700.0,91410.0,311.89092,0.002018
03/2014,86260.0,89087.0,303.964844,0.001967
02/2014,90971.0,88359.0,301.480908,0.001951
01/2014,88825.0,90817.0,309.867604,0.002005
12/2013,81498.0,86193.0,294.090516,0.001903
11/2013,89659.0,91757.0,313.074884,0.002026
10/2013,95376.0,96090.0,327.85908,0.002121
09/2013,94037.0,96619.0,329.664028,0.002133
08/2013,69694.0,80325.0,274.0689,0.001773
07/2013,63971.0,76454.0,260.861048,0.001688
06/2013,54752.0,68501.0,233.725412,0.001512
05/2013,76870.0,80981.0,276.307172,0.001788
04/2013,94745.0,92355.0,315.11526,0.002039
03/2013,87065.0,86060.0,293.63672,0.0019
02/2013,89703.0,87588.0,298.850256,0.001934
01/2013,86887.0,83734.0,285.700408,0.001849
12/2012,81715.0,76249.0,260.161588,0.001683
11/2012,91232.0,79848.0,272.441376,0.001763
10/2012,98155.0,87005.0,296.86106,0.001921
09/2012,101195.0,91432.0,311.965984,0.002018
08/2012,79207.0,89224.0,304.432288,0.00197
07/2012,77461.0,97307.0,332.011484,0.002148
06/2012,61007.0,73880.0,252.07856,0.001631
05/2012,77323.0,85066.0,290.245192,0.001878
04/2012,94268.0,94750.0,323.287,0.002092
03/2012,96383.0,88856.0,303.176672,0.001962
02/2012,91522.0,90559.0,308.987308,0.001999
01/2012,89390.0,84942.0,289.822104,0.001875
12/2011,84115.0,74610.0,254.56932,0.001647
11/2011,90345.0,80190.0,273.60828,0.00177
10/2011,96085.0,84475.0,288.2287,0.001865
09/2011,90467.0,87129.0,297.284148,0.001923
08/2011,64227.0,64306.0,219.412072,0.00142
newline
TRUMBULL COLLEGE
04/2014,288073.0,92700.0,316.2924,0.002456
03/2014,205114.0,86260.0,294.31912,0.002285
02/2014,78057.0,90971.0,310.393052,0.00241
01/2014,69564.0,88825.0,303.0709,0.002353
12/2013,183285.0,81498.0,278.071176,0.002159
11/2013,234862.0,89659.0,305.916508,0.002375
10/2013,120050.0,95376.0,325.422912,0.002526
09/2013,479126.0,94037.0,320.854244,0.002491
08/2013,516144.0,69694.0,237.795928,0.001846
07/2013,698571,63971.0,218.269052,0.001695
06/2013,454733.0,54752.0,186.813824,0.00145
05/2013,345614.0,76870.0,262.28044,0.002036
04/2013,236629.0,94745.0,323.26994,0.00251
03/2013,145417.0,87065.0,297.06578,0.002306
02/2013,78080.0,89703.0,306.066636,0.002376
01/2013,86185.0,86887.0,296.458444,0.002302
12/2012,129240.0,81715.0,278.81158,0.002165
11/2012,117328.0,91232.0,311.283584,0.002417
10/2012,222262.0,98155.0,334.90486,0.0026
09/2012,290335.0,101195.0,345.27734,0.002681
08/2012,438218.0,79207.0,270.254284,0.002098
07/2012,335626.0,77461.0,264.296932,0.002052
06/2012,281713.0,61007.0,208.155884,0.001616
05/2012,263221.0,77323.0,263.826076,0.002048
04/2012,208009.0,94268.0,321.642416,0.002497
03/2012,170462.0,96383.0,328.858796,0.002553
02/2012,134085.0,91522.0,312.273064,0.002424
01/2012,143677.0,89390.0,304.99868,0.002368
12/2011,119502.0,84115.0,287.00038,0.002228
11/2011,114606.0,90345.0,308.25714,0.002393
10/2011,223705.0,96085.0,327.84202,0.002545
09/2011,332048.0,90467.0,308.673404,0.002396
08/2011,420194.0,64227.0,219.142524,0.001701
newline
